样例1：20*20
00000000001000000000
00000001001000000000
01000100000000001000
00000000000000100000
00000000000000100000
00000000000001000000
00000000000000000000
00010000000000000000
00000000000000000000
00000000000000000000
00000010000100000000
00000000000001001000
00000000000000000000
00000000000000010000
00000010000000000010
00000000000000010000
00000000010000010000
00000000100000000000
00000001000000000000
00000100000100000000
10101
10000
10100
11001
00111
样例2：14*14
00000010000000
00000000000000
00100000000000
00000000000000
10000000000000
00000000000000
00000000000001
00000000000000
00000000000000
00000001100000
00000000000000
00000000100010
00000000100000
00000001000000
10100
01010
00111
10111
01100
样例3：19*19
0000000000100010010
0110000010100000000
1000010010000000000
1100000000000000000
0000000000000000000
0000001000000000000
0001000000000000000
0000000000000000010
0000000000000001000
0000001000000000000
0000001010000000000
0000000010000000000
0000000000001000000
0000000000000000000
0000000000000000000
0000000000010000000
0000000000000000000
0000000000000010000
1000000000001000000
10101
11001
01111
11000
01011
样例4：18*18 
000000000000000001
000000000000000100
000000010000000000
101000000000000000
000010000000000100
000000000000000000
000000000000000001
000000000100000000
000000000001010000
000000000000001000
000000000000000000
101000010000000010
010000100000100000
000000000000010000
000001000000000000
000000000010000000
000010000100001010
000000010000000000
1 1 1 1 1 
1 1 1 1 1
1 1  1 1 1
1 1 1 1 1
1 1 1 1 1

